100
5421603 7275863
6359523 9904385
4959071 7514716
1079801 2649292
9463651 9915068
454578 7532319
5333729 9809216
1363757 9217911
7199754 9554868
9603258 9985452
2340863 7578295
1934455 7369643
6094914 7699201
9514304 9976004
4760501 6607794
124280 4665266
4210020 6321817
4428857 4960599
3847582 5062276
3162366 3219990
818716 3500304
171908 500900
7407142 8378434
9695980 9875834
9384988 9549578
6849832 7685796
7689356 9205377
3673643 7073410
850746 7375707
9847782 9914513
8059843 9128227
825626 3821871
1488139 9366761
3955091 4414781
3279277 8522550
1163090 2076530
3250536 6896185
5282712 7927022
7902935 9466025
7780710 8963162
9310204 9828398
4046049 7294750
5930966 7700003
3299968 4593382
3423776 5228901
7425232 7681681
8152086 9029491
6269620 8739912
6021477 8652353
8220 139193
9858304 9907608
5914883 8807397
7538581 8945221
6282655 9775627
1208561 1390338
5245577 8280479
1210045 2465100
34463 174092
7011318 8510485
8954995 9434342
8998317 9107459
9467124 9645026
9663359 9770281
1822903 5370636
993730 1517627
4985590 8324941
5518569 7463393
6477010 8700703
7130342 9125670
8498665 8748594
9339167 9808419
1373805 9879079
5552006 7382226
2722496 4809738
9774971 9802821
8030691 9857470
573856 5178657
955967 3858206
8266834 9251008
8438188 8856916
4609991 6018821
2628734 4330600
9356525 9816718
3185709 3245667
6897683 7631097
7341906 8990630
460892 3270632
9302198 9596536
7672390 9591189
1092358 3734266
6218322 6668349
1252925 2001372
1653139 7928631
2061667 8456696
4987759 7709020
9180536 9911204
6439770 9292930
2242447 2619093
5947289 6546863
7315436 8985279
